処理時間（ms）:
352.688
137.846
138.026
108.480
160.475
115.866
182.588
224.209
112.671
83.910
99.995
97.305
93.595
89.852
119.460
95.736
91.514
78.170
67.386
64.063
68.889
65.271
63.171
64.614
63.005
65.298
65.695
66.191
64.723
68.621
65.130
65.990
64.223
65.119
64.594
65.854
64.562
64.004
67.087
64.317
63.314
66.390
64.955
64.249
65.808
65.110
65.884
66.755
63.813
66.009
65.130
64.451
64.682
65.185
64.905
64.136
67.175
63.994
65.758
64.139
65.299
65.422
65.675
64.259
67.712
64.301
67.250
64.979
64.398
64.788
66.206
63.239
65.537
65.813
65.192
65.941
65.366
64.285
67.498
63.780
66.510
64.565
67.110
66.311
64.607
65.254
64.678
65.192
65.494
63.256
67.142
65.674
67.530
65.250
65.442
65.985
65.665
64.962
67.263
65.211

平均処理時間: 77.421 ms
