処理時間（ms）:
226.660
68.145
68.972
66.011
66.854
69.817
67.462
70.540
65.252
64.893
64.156
64.245
66.906
66.441
64.414
63.931
65.625
64.844
64.627
64.979
63.338
64.481
64.663
63.976
64.236
63.409
65.557
64.741
64.333
64.356
63.263
65.190
63.427
64.208
62.734
66.205
64.344
64.741
104.779
137.290
108.785
170.528
221.477
119.503
127.749
140.808
149.808
109.432
131.418
207.065
183.429
144.495
151.002
179.945
124.270
87.571
81.404
85.716
86.689
113.079
86.301
90.987
214.722
90.418
77.621
67.132
64.011
71.424
72.611
64.900
70.106
76.268
67.448
75.056
65.212
73.724
67.580
66.498
72.380
73.463
71.507
68.158
64.816
66.484
74.257
69.006
64.516
68.449
65.870
68.382
63.401
70.887
65.659
67.210
63.437
65.958
77.019
71.420
65.706
75.868

平均処理時間: 85.841 ms
