処理時間（ms）:
146.248
88.547
68.949
66.050
70.396
71.872
68.722
69.150
67.329
66.062
66.545
64.704
68.128
65.927
65.420
66.871
65.613
64.711
65.575
65.986
67.022
65.113
67.144
65.790
69.759
104.209
104.845
142.374
156.388
204.068
114.371
173.056
102.203
110.205
132.344
110.585
138.829
154.354
128.666
123.200
131.706
83.869
82.275
90.458
92.979
116.606
97.582
186.650
104.509
81.325
64.252
64.973
65.113
63.792
64.648
65.285
66.272
71.843
64.920
68.226
64.299
64.181
65.441
66.052
63.570
70.817
65.385
64.422
63.792
64.735
64.185
64.801
64.750
65.294
65.936
65.863
65.317
64.807
64.323
65.369
65.606
63.837
64.529
66.495
64.076
63.982
64.975
64.167
64.755
65.763
64.645
64.802
66.661
64.907
64.317
64.680
63.650
63.860
64.306
64.490

平均処理時間: 81.025 ms
