処理時間（ms）:
166.424
96.530
73.211
69.097
67.605
68.820
69.461
71.008
70.088
68.552
83.237
93.907
84.705
74.924
73.433
73.075
72.848
71.712
106.913
145.062
144.638
143.004
218.525
204.592
191.845
167.831
134.782
131.224
132.805
121.526
132.356
161.672
246.526
104.207
169.820
135.177
119.116
114.102
112.564
103.770
120.001
152.780
122.525
84.572
70.168
68.808
80.911
69.491
70.430
70.651
77.998
80.441
71.597
67.568
70.893
67.598
76.857
73.962
79.433
77.588
89.930
86.711
78.020
151.683
149.096
88.210
82.527
78.169
82.296
79.759
76.717
74.428
75.427
79.867
69.498
70.210
69.197
68.803
73.365
77.796
74.422
72.320
74.430
76.297
82.708
69.736
81.227
70.461
75.984
70.971
75.065
69.645
72.235
76.975
72.472
67.798
69.871
67.918
68.349
71.335

平均処理時間: 95.069 ms
