処理時間（ms）:
232.142
73.132
83.325
86.942
87.393
74.538
75.183
75.479
72.846
73.334
73.157
80.056
123.811
96.603
86.788
80.436
74.341
75.078
74.855
72.406
91.413
157.823
136.332
132.999
243.808
125.776
160.470
151.872
144.580
120.260
134.638
166.822
130.970
106.288
89.146
105.044
93.468
99.314
105.551
111.613
102.864
97.188
118.309
194.444
93.056
76.342
71.687
67.398
70.018
68.962
69.061
68.710
72.630
71.792
70.046
68.787
67.471
68.527
69.795
72.754
70.983
69.135
73.255
69.595
71.487
69.354
73.866
68.307
82.199
69.338
74.975
75.456
71.693
72.104
80.996
83.171
83.604
75.315
79.756
78.527
197.250
212.631
93.851
81.399
82.239
76.211
86.448
79.151
79.383
80.137
78.075
74.903
81.774
75.559
80.368
75.616
79.322
70.539
75.836
69.253

平均処理時間: 93.629 ms
