処理時間（ms）:
225.664
79.120
75.655
73.195
73.679
80.575
73.025
78.717
71.721
76.900
75.209
82.263
77.577
81.049
78.349
76.004
76.292
77.102
71.191
80.638
74.417
79.283
71.569
71.772
74.559
70.457
69.616
78.500
70.457
78.087
71.603
77.008
70.877
78.311
70.985
74.518
76.603
77.083
76.723
79.190
76.953
71.596
82.075
74.815
70.542
71.139
72.790
77.097
72.296
74.648
75.078
71.756
74.184
74.693
72.171
69.935
80.193
71.352
78.987
76.084
79.103
76.051
85.396
72.265
80.031
70.826
80.729
70.871
71.676
73.109
72.501
76.807
71.051
72.924
75.606
72.164
72.343
77.272
71.851
78.364
70.403
77.413
76.507
77.400
69.373
74.840
69.841
77.739
78.173
72.563
70.855
72.739
75.268
74.597
74.397
72.140
71.110
80.563
75.122
73.818

平均処理時間: 76.497 ms
