処理時間（ms）:
342.233
122.463
102.397
110.993
102.002
97.104
245.286
94.638
69.687
69.618
68.736
70.295
68.253
68.162
68.734
69.839
70.212
69.408
69.193
68.387
67.495
72.021
73.348
70.029
72.044
72.616
75.188
73.298
80.555
73.071
70.713
69.368
73.666
71.830
71.134
72.123
72.725
70.224
68.375
68.160
69.364
67.396
74.036
69.031
69.829
72.218
70.249
68.300
70.801
73.077
81.830
71.533
75.259
81.733
70.863
76.800
69.526
76.320
70.430
69.310
79.181
72.850
73.729
73.535
71.880
70.377
70.936
79.576
73.655
73.221
73.772
69.371
68.631
67.722
72.699
71.448
68.529
73.473
68.705
69.391
70.567
74.362
70.501
70.692
81.750
69.477
75.555
74.827
70.743
128.104
83.785
76.215
71.578
69.135
77.123
73.497
72.834
76.220
73.172
67.538

平均処理時間: 79.039 ms
