処理時間（ms）:
248.650
79.603
76.644
71.859
75.361
71.399
88.371
127.941
92.481
94.544
122.092
124.015
117.692
108.083
106.639
138.510
168.250
166.336
101.482
149.130
164.943
126.443
151.343
147.538
140.999
242.029
180.661
167.880
173.176
182.344
171.147
178.089
165.484
268.650
195.647
156.645
142.004
106.560
117.273
112.755
114.948
112.108
113.259
104.821
78.108
101.862
81.125
84.725
72.322
79.407
72.806
78.341
73.611
76.119
74.168
74.362
74.058
69.873
73.798
70.067
75.980
73.332
83.503
71.392
72.357
88.860
73.248
75.866
75.227
72.220
80.094
73.185
76.662
74.023
72.116
77.542
74.754
77.819
73.466
69.113
72.679
69.296
68.485
68.922
73.904
72.662
73.793
69.695
72.219
69.373
71.028
73.928
70.879
70.369
72.564
68.950
70.833
70.321
71.088
69.335

平均処理時間: 102.317 ms
