処理時間（ms）:
243.957
77.186
72.393
72.245
78.382
75.107
73.753
70.214
72.967
91.100
128.465
130.651
126.214
188.727
261.493
186.120
143.614
149.044
111.014
116.521
145.480
132.536
111.874
114.656
100.751
111.454
137.785
106.198
206.911
148.363
221.286
142.070
111.261
121.716
238.352
126.255
97.743
77.653
84.399
78.525
163.707
85.021
90.438
156.995
75.880
77.483
78.640
76.102
76.361
77.621
76.059
68.248
73.242
67.868
71.290
69.793
78.194
72.089
75.875
73.545
82.434
73.048
70.969
74.618
70.860
77.918
73.601
69.059
79.489
70.132
67.913
71.253
69.153
76.247
71.465
68.784
71.431
74.009
70.957
70.856
68.722
67.648
69.622
72.426
68.991
66.787
67.767
70.754
69.471
69.001
70.114
68.028
69.183
67.938
69.223
68.157
74.859
91.745
75.026
73.445

平均処理時間: 96.420 ms
