処理時間（ms）:
272.099
96.384
85.404
82.897
75.432
78.064
72.968
70.171
74.497
75.455
76.200
76.828
70.009
72.243
71.036
83.839
71.854
70.330
86.029
72.681
77.205
128.022
124.192
133.044
255.491
152.871
147.260
148.923
142.591
110.397
129.883
160.145
136.457
173.339
227.069
105.991
100.733
103.064
108.224
107.673
106.456
174.112
171.094
89.160
70.740
71.465
69.463
71.445
83.507
71.923
71.315
80.629
72.406
71.324
73.378
81.343
80.536
77.556
81.472
82.602
80.356
91.965
77.678
93.700
219.846
209.086
83.740
84.748
87.981
84.721
81.497
82.165
82.937
83.263
83.547
83.090
81.924
82.023
85.149
75.154
78.353
76.270
79.041
73.974
119.819
125.901
109.180
122.838
100.749
85.941
139.034
124.485
85.582
86.145
83.049
76.325
72.908
112.242
131.843
82.644

平均処理時間: 101.598 ms
