処理時間（ms）:
338.416
153.359
156.142
126.533
179.584
185.859
137.707
108.536
102.854
94.544
132.806
115.455
95.543
193.571
143.609
86.038
69.344
68.878
68.144
70.183
70.579
70.597
69.516
68.933
69.937
67.617
67.680
69.107
68.710
71.790
68.303
70.528
68.343
68.301
68.610
69.383
71.059
74.534
74.845
94.668
90.001
84.200
74.706
73.242
76.079
76.917
77.209
75.469
71.093
72.644
74.295
74.642
72.851
78.340
138.335
96.101
92.816
85.136
75.554
74.244
71.669
74.738
68.715
71.356
69.348
71.439
72.251
73.962
68.285
78.633
81.650
69.923
69.328
69.423
67.977
69.162
69.413
85.656
74.928
83.726
77.891
116.532
128.902
100.235
70.819
71.757
69.984
71.140
69.455
70.227
83.290
86.972
80.902
95.569
125.982
125.604
96.959
70.591
69.961
69.461

平均処理時間: 88.978 ms
