処理時間（ms）:
15.725
69.153
52.107
52.213
52.640
139.338
51.947
52.590
53.538
53.632
52.741
50.716
50.545
50.722
52.392
51.751
51.404
52.127
50.559
52.766
51.565
52.071
51.598
51.300
51.598
50.664
50.895
50.972
51.710
50.754
50.831
53.112
51.530
51.362
50.798
50.965
64.121
82.349
107.064
84.457
86.119
104.864
176.459
145.016
162.641
104.301
92.711
117.032
83.101
96.434
88.103
97.261
95.824
127.953
119.370
188.061
102.516
93.918
68.372
72.794
65.464
68.457
67.132
77.609
73.300
71.157
66.845
157.028
105.046
94.512
60.117
55.550
52.330
51.180
50.560
51.661
51.712
52.034
52.941
52.127
52.975
51.418
50.578
51.161
51.251
51.144
50.962
51.062
51.066
53.156
51.317
52.381
50.769
50.339
50.970
51.028
51.763
50.712
50.837
51.157

平均処理時間: 68.940 ms
