処理時間（ms）:
0.010
0.006
0.003
0.004
0.006
0.006
0.004
0.003
0.003
0.004
0.005
0.003
0.002
0.005
0.006
0.004
0.003
0.004
0.005
0.030
0.003
0.005
0.005
0.004
0.003
0.003
0.006
0.003
0.003
0.005
0.003
0.003
0.007
0.005
0.004
0.005
0.003
0.006
0.004
0.006
0.004
0.010
0.005
0.003
0.007
0.005
0.004
0.004
0.004
0.003
0.004
0.005
0.005
0.005
0.004
0.003
0.005
0.004
0.005
0.003
0.003
0.005
0.005
0.006
0.004
0.006
0.009
0.010
0.004
0.003
0.003
0.004
0.004
0.006
0.003
0.006
0.010
0.003
0.007
0.005
0.005
0.006
0.005
0.003
0.006
0.005
0.004
0.005
0.005
0.005
0.005
0.004
0.005
0.004
0.007
0.007
0.004
0.003
0.004
0.004

平均処理時間: 0.005 ms
