処理時間（ms）:
238.401
82.080
75.116
73.010
74.736
71.732
72.967
73.408
67.870
71.828
67.404
68.107
67.268
80.047
71.670
75.658
75.538
119.533
182.872
72.182
69.567
72.810
69.394
115.993
99.567
244.266
150.133
170.166
138.332
230.368
186.996
160.486
152.025
158.626
136.093
149.240
135.894
140.326
119.549
134.301
232.401
108.493
98.115
95.939
84.347
104.422
97.873
90.595
123.135
272.191
85.269
71.459
65.540
66.361
66.509
70.209
68.675
65.621
65.664
65.750
67.579
67.806
72.007
67.772
68.089
69.258
67.523
66.491
67.817
71.817
76.483
74.292
67.201
82.563
67.170
74.062
73.780
70.557
83.217
81.501
78.395
78.484
77.245
85.165
252.659
130.287
87.768
76.511
78.337
80.404
77.417
75.830
77.711
76.823
73.031
77.919
72.109
70.944
71.535
70.014

平均処理時間: 98.197 ms
