処理時間（ms）:
0.008
0.007
0.005
0.006
0.006
0.004
0.005
0.008
0.005
0.004
0.005
0.004
0.004
0.004
0.004
0.005
0.005
0.005
0.004
0.005
0.009
0.007
0.009
0.007
0.008
0.011
0.012
0.011
0.011
0.007
0.005
0.020
0.006
0.009
0.008
0.010
0.013
0.005
0.013
0.004
0.006
0.005
0.005
0.012
0.006
0.005
0.004
0.004
0.006
0.004
0.005
0.004
0.005
0.005
0.004
0.004
0.004
0.007
0.007
0.006
0.004
0.006
0.004
0.004
0.004
0.004
0.005
0.003
0.005
0.006
0.004
0.004
0.004
0.005
0.005
0.004
0.004
0.005
0.003
0.004
0.005
0.005
0.004
0.004
0.004
0.004
0.004
0.004
0.004
0.004
0.004
0.004
0.007
0.004
0.004
0.006
0.004
0.005
0.004
0.004

平均処理時間: 0.006 ms
