処理時間（ms）:
247.609
80.453
72.609
72.720
70.226
73.456
69.146
72.477
70.131
68.913
66.618
130.764
99.341
92.548
79.150
73.124
71.306
69.699
71.209
67.650
65.155
66.515
65.807
71.798
68.019
67.340
78.356
77.635
70.595
72.690
112.340
118.578
95.337
103.162
108.130
122.461
161.963
215.710
117.219
173.593
179.820
144.346
176.311
161.949
253.493
157.686
200.321
97.167
100.972
124.289
91.851
106.954
117.494
99.315
101.335
161.897
182.250
97.147
78.287
69.195
66.866
72.549
65.471
67.175
67.235
75.112
66.200
68.036
66.625
67.689
76.342
67.893
72.459
69.021
65.127
74.966
67.044
64.960
74.356
67.494
65.468
77.051
67.815
65.245
75.285
65.124
73.160
67.237
64.192
66.895
64.680
64.165
64.399
67.755
66.316
67.544
65.243
64.031
64.509
64.747

平均処理時間: 91.771 ms
