処理時間（ms）:
175.286
147.753
92.653
80.510
74.525
71.812
69.853
74.294
71.109
71.446
70.165
71.233
73.881
69.448
66.674
70.183
81.424
67.543
73.366
75.051
67.902
74.312
70.203
70.594
72.871
67.063
72.248
71.606
67.132
74.420
69.411
73.665
70.900
92.424
101.037
146.966
180.039
214.619
126.056
207.064
164.138
128.034
109.788
101.131
114.731
148.038
170.412
129.721
131.111
201.119
124.818
87.346
86.087
94.557
104.026
119.734
90.434
209.786
118.330
77.829
71.292
79.490
78.840
77.630
75.742
85.950
83.315
76.846
77.952
77.976
187.249
191.759
99.903
78.984
76.516
75.841
79.164
76.039
76.807
78.914
77.688
76.343
76.717
75.514
73.041
76.483
73.850
66.837
67.411
71.999
66.875
67.903
64.662
70.040
68.154
65.741
71.391
68.221
66.963
67.787

平均処理時間: 93.697 ms
