処理時間（ms）:
0.006
0.007
0.005
0.004
0.004
0.004
0.004
0.004
0.004
0.004
0.007
0.004
0.004
0.004
0.004
0.006
0.007
0.004
0.004
0.004
0.004
0.006
0.004
0.004
0.004
0.005
0.011
0.007
0.012
0.011
0.009
0.005
0.007
0.006
0.005
0.006
0.010
0.009
0.009
0.010
0.010
0.012
0.005
0.015
0.005
0.010
0.007
0.009
0.006
0.005
0.012
0.008
0.004
0.005
0.004
0.005
0.004
0.004
0.004
0.004
0.004
0.005
0.004
0.006
0.004
0.005
0.005
0.005
0.004
0.004
0.004
0.004
0.004
0.004
0.004
0.005
0.004
0.004
0.007
0.005
0.004
0.004
0.004
0.004
0.004
0.004
0.005
0.004
0.006
0.004
0.004
0.004
0.004
0.003
0.004
0.006
0.003
0.004
0.004
0.004

平均処理時間: 0.005 ms
