処理時間（ms）:
233.176
69.096
73.091
66.590
67.787
66.815
69.749
68.577
69.112
65.167
67.791
66.340
67.152
66.552
65.698
67.978
66.513
65.642
66.710
64.822
65.890
63.901
66.389
65.588
66.206
66.032
64.974
66.247
64.490
66.560
70.124
104.875
148.364
124.728
138.504
165.317
159.740
121.768
140.400
121.570
116.025
133.750
116.119
131.771
163.068
182.762
101.736
93.746
83.143
85.793
87.143
114.677
86.231
96.341
199.576
106.860
78.170
65.543
64.749
65.562
64.735
65.320
64.046
65.818
65.873
65.446
65.228
65.189
64.101
66.031
67.081
64.553
64.737
67.044
65.527
66.249
65.452
64.819
65.750
66.096
65.989
65.916
67.518
67.098
65.770
65.493
65.595
65.740
64.589
66.340
65.091
67.403
66.476
65.672
65.263
66.432
65.880
66.299
65.618
65.619

平均処理時間: 82.677 ms
